date,open,high,low,close,volumn,close time,quote asset volumn,number of trades,taker buy base asset volumn,taker buy quote assest volumn
2020-07-24 06:30:00,9535.56000000,9538.21000000,9497.44000000,9503.97000000,1192.77682600,1595599199999,11345305.82475254,18243,569.51697100,5418284.10113907
2020-07-24 07:00:00,9503.97000000,9530.00000000,9503.04000000,9521.43000000,1083.55601100,1595600999999,10312566.08248838,15795,468.64681400,4460239.78496332
2020-07-24 07:30:00,9521.43000000,9538.02000000,9514.55000000,9537.78000000,848.27242500,1595602799999,8079968.36125653,11301,411.18893200,3916530.69087137
2020-07-24 08:00:00,9537.77000000,9543.10000000,9523.56000000,9531.79000000,815.69848100,1595604599999,7777555.78732205,11888,349.55828000,3332940.55311379
2020-07-24 08:30:00,9531.80000000,9566.38000000,9525.83000000,9551.68000000,1338.47202900,1595606399999,12781914.15443055,20966,698.07725200,6666382.32647414
2020-07-24 09:00:00,9551.69000000,9557.99000000,9520.00000000,9529.72000000,813.68925500,1595608199999,7759234.82996725,14736,367.88808300,3508294.31762234
2020-07-24 09:30:00,9529.68000000,9583.36000000,9524.77000000,9575.73000000,1306.04981100,1595609999999,12482422.86122710,17064,704.70573000,6734615.74795010
2020-07-24 10:00:00,9575.73000000,9579.10000000,9522.00000000,9545.70000000,1208.76389400,1595611799999,11539239.23145542,20784,514.73555200,4913596.06896285
2020-07-24 10:30:00,9545.70000000,9559.00000000,9542.02000000,9557.44000000,528.09550500,1595613599999,5044954.86360257,10922,228.95856000,2187248.87326409
2020-07-24 11:00:00,9557.66000000,9583.68000000,9556.00000000,9576.70000000,1022.72479300,1595615399999,9784189.31468012,17886,456.06538700,4363071.21486944
2020-07-24 11:30:00,9576.70000000,9589.00000000,9564.93000000,9580.01000000,904.87832400,1595617199999,8668138.72068279,13290,380.95800400,3649372.64846725
2020-07-24 12:00:00,9580.00000000,9583.80000000,9560.00000000,9571.69000000,708.16778300,1595618999999,6779210.40881005,12474,289.62420300,2772581.14562679
2020-07-24 12:30:00,9571.69000000,9582.16000000,9567.75000000,9581.76000000,528.01443000,1595620799999,5055462.13236952,9204,305.98361600,2929601.49692909
2020-07-24 13:00:00,9581.76000000,9583.77000000,9567.23000000,9572.55000000,534.87604500,1595622599999,5121232.41867106,9228,229.02864800,2192768.67332275
2020-07-24 13:30:00,9572.55000000,9620.00000000,9572.45000000,9615.29000000,1584.36834700,1595624399999,15216397.86864130,17435,886.66826400,8513980.56646289
2020-07-24 14:00:00,9615.32000000,9637.00000000,9588.08000000,9598.03000000,1483.77698200,1595626199999,14267030.60567226,21694,917.02586000,8819270.95995641
2020-07-24 14:30:00,9598.01000000,9616.16000000,9591.07000000,9591.55000000,604.38703600,1595627999999,5804865.82639356,13611,351.58619500,3376783.99573937
2020-07-24 15:00:00,9591.55000000,9593.46000000,9522.00000000,9550.50000000,1413.81306700,1595629799999,13510891.67667867,20799,485.73451500,4643153.76625572
2020-07-24 15:30:00,9550.51000000,9559.29000000,9533.91000000,9533.92000000,655.59114600,1595631599999,6259772.88911969,12000,269.67313200,2574884.04802279
2020-07-24 16:00:00,9533.92000000,9552.44000000,9532.00000000,9540.98000000,688.23576600,1595633399999,6567351.08896609,12191,279.45670100,2666739.06806362
2020-07-24 16:30:00,9540.88000000,9543.66000000,9513.00000000,9537.80000000,844.06781800,1595635199999,8044886.75274460,10833,331.48646700,3159534.76466445
2020-07-24 17:00:00,9538.10000000,9547.47000000,9528.48000000,9542.68000000,580.72952300,1595636999999,5540863.86038596,11214,227.27771700,2168504.05191647
2020-07-24 17:30:00,9542.69000000,9554.27000000,9534.62000000,9537.58000000,438.59277800,1595638799999,4186671.82360320,8960,196.33458100,1874058.10845672
2020-07-24 18:00:00,9537.58000000,9548.29000000,9513.00000000,9524.92000000,515.89752600,1595640599999,4920148.14854001,9843,183.45795600,1749688.00234081
2020-07-24 18:30:00,9524.91000000,9570.00000000,9524.89000000,9564.74000000,468.45396800,1595642399999,4472807.31071778,10055,241.74673800,2308337.48109541
2020-07-24 19:00:00,9564.73000000,9579.49000000,9558.79000000,9561.02000000,862.73552800,1595644199999,8255332.97656360,14598,363.91964100,3482455.01171270
2020-07-24 19:30:00,9561.02000000,9575.49000000,9559.92000000,9571.80000000,394.13273500,1595645999999,3771260.24953607,8131,224.07354700,2144047.04156087
2020-07-24 20:00:00,9571.80000000,9600.00000000,9571.79000000,9586.90000000,1492.20030400,1595647799999,14311890.64992472,13574,491.20003300,4709012.95122400
2020-07-24 20:30:00,9587.64000000,9623.51000000,9574.59000000,9581.58000000,1515.51092300,1595649599999,14551222.08300693,19946,584.40840700,5610895.83635185
2020-07-24 21:00:00,9581.59000000,9594.53000000,9566.77000000,9569.60000000,572.50852600,1595651399999,5483616.75212474,11126,279.27666700,2674982.29456760
2020-07-24 21:30:00,9569.60000000,9587.19000000,9566.56000000,9584.81000000,485.27025900,1595653199999,4646829.30294006,9997,262.91738700,2517604.24982798
2020-07-24 22:00:00,9584.92000000,9624.13000000,9566.55000000,9582.97000000,1084.60358800,1595654999999,10405287.86875840,17397,606.15863600,5816243.23989061
2020-07-24 22:30:00,9582.97000000,9606.56000000,9578.44000000,9587.29000000,625.90074400,1595656799999,6003585.27333650,12288,319.72849200,3066701.13823797
2020-07-24 23:00:00,9587.25000000,9620.00000000,9586.97000000,9602.78000000,812.36492400,1595658599999,7801692.94736212,14573,439.56380500,4221258.59700530
2020-07-24 23:30:00,9602.78000000,9604.58000000,9579.29000000,9589.01000000,502.62437600,1595660399999,4819737.13867452,10769,224.87916000,2156432.09562933
2020-07-25 00:00:00,9589.01000000,9594.84000000,9568.01000000,9589.87000000,634.29560000,1595662199999,6078437.29962560,11161,276.90467100,2653572.09751276
2020-07-25 00:30:00,9589.88000000,9589.90000000,9564.82000000,9568.50000000,586.11570000,1595663999999,5613301.13039905,10002,279.54745900,2677349.99951731
2020-07-25 01:00:00,9568.50000000,9583.01000000,9560.93000000,9579.48000000,654.34445600,1595665799999,6263685.90696258,12330,327.72010100,3137060.96508480
2020-07-25 01:30:00,9579.48000000,9606.90000000,9579.00000000,9585.37000000,880.82912200,1595667599999,8449866.66832133,12589,434.56241600,4169127.61885209
2020-07-25 02:00:00,9585.20000000,9603.45000000,9582.17000000,9587.13000000,676.98047200,1595669399999,6493966.93752503,11652,306.33050600,2938494.03168996
2020-07-25 02:30:00,9587.13000000,9587.47000000,9563.00000000,9569.38000000,683.29377800,1595671199999,6543886.72019316,11431,243.82828600,2335464.33704860
2020-07-25 03:00:00,9569.38000000,9584.99000000,9559.84000000,9563.82000000,723.68679100,1595672999999,6927238.51959380,13066,336.44938800,3220979.57240795
2020-07-25 03:30:00,9564.06000000,9582.70000000,9562.75000000,9581.70000000,606.26522500,1595674799999,5803660.81408541,8903,311.30369500,2980199.87342210
2020-07-25 04:00:00,9581.69000000,9591.66000000,9577.56000000,9591.08000000,503.63577000,1595676599999,4826778.09225952,7565,233.60941100,2239044.89938528
2020-07-25 04:30:00,9591.08000000,9593.00000000,9572.84000000,9574.29000000,417.41369100,1595678399999,4001469.74965356,9480,189.04524800,1812250.80006296
2020-07-25 05:00:00,9574.29000000,9598.53000000,9568.16000000,9596.94000000,633.12037200,1595680199999,6069040.63925283,11353,316.53479100,3034480.73562315
2020-07-25 05:30:00,9596.95000000,9606.00000000,9582.80000000,9603.79000000,752.20179900,1595681999999,7217841.00443900,11747,365.28002100,3504822.31716325
2020-07-25 06:00:00,9603.83000000,9606.00000000,9581.69000000,9590.70000000,787.63268000,1595683799999,7555320.53569656,13462,304.82848000,2923975.68537235
2020-07-25 06:30:00,9590.69000000,9610.92000000,9552.29000000,9582.22000000,1283.28331000,1595685599999,12293270.92269923,18975,626.74754100,6004248.58909648
2020-07-25 07:00:00,9582.23000000,9586.00000000,9568.00000000,9585.91000000,485.26531100,1595687399999,4647212.13692011,11464,227.80125500,2181605.87378150
2020-07-25 07:30:00,9585.91000000,9594.01000000,9575.79000000,9584.30000000,614.65959500,1595689199999,5891901.36423619,9568,283.60627100,2718343.00042718
2020-07-25 08:00:00,9584.31000000,9598.41000000,9575.13000000,9597.70000000,563.86409500,1595690999999,5406192.68010051,10519,247.39044000,2371779.82421028
2020-07-25 08:30:00,9597.70000000,9597.70000000,9585.00000000,9593.19000000,579.80325100,1595692799999,5561357.38478996,12266,277.93209800,2665751.49580644
2020-07-25 09:00:00,9593.20000000,9602.54000000,9573.61000000,9598.99000000,916.59139100,1595694599999,8789462.99986787,16914,518.65439500,4973674.86480723
2020-07-25 09:30:00,9599.00000000,9630.00000000,9595.91000000,9615.51000000,1441.29229900,1595696399999,13850283.13546605,23136,853.55650400,8203544.11533510
2020-07-25 10:00:00,9615.53000000,9695.00000000,9608.19000000,9688.40000000,2939.18322700,1595698199999,28377215.32976744,38500,1486.88346500,14359102.88908713
2020-07-25 10:30:00,9685.86000000,9708.81000000,9667.00000000,9688.49000000,2000.38711700,1595699999999,19374091.46201395,25139,1036.56846000,10041898.20873185
2020-07-25 11:00:00,9688.49000000,9708.26000000,9636.09000000,9654.05000000,1513.31120500,1595701799999,14624485.99969699,20259,714.50379600,6904607.44630532
2020-07-25 11:30:00,9654.05000000,9675.00000000,9652.72000000,9665.02000000,592.75354600,1595703599999,5728451.13592953,11408,309.42242500,2990289.73872899
2020-07-25 12:00:00,9665.01000000,9683.35000000,9648.68000000,9674.39000000,629.81021000,1595705399999,6088959.41704107,11735,308.62946700,2983983.52619570
2020-07-25 12:30:00,9674.46000000,9685.50000000,9665.00000000,9674.14000000,582.50884800,1595707199999,5637078.59144559,10492,270.49427200,2617618.21246541
2020-07-25 13:00:00,9674.14000000,9697.71000000,9671.73000000,9695.56000000,667.15788600,1595708999999,6459525.03632450,13283,325.50277500,3151747.01861263
2020-07-25 13:30:00,9695.57000000,9730.19000000,9686.90000000,9713.89000000,2134.47638100,1595710799999,20720790.17968307,27121,1337.55873100,12984173.94975136
2020-07-25 14:00:00,9713.90000000,9732.90000000,9680.00000000,9687.24000000,859.28761500,1595712599999,8338902.50502063,21789,414.11671400,4019846.15360675
2020-07-25 14:30:00,9687.26000000,9698.96000000,9675.22000000,9694.96000000,604.70446700,1595714399999,5858525.15210014,15555,275.67529800,2670962.94674078
2020-07-25 15:00:00,9694.96000000,9705.97000000,9682.64000000,9704.96000000,718.64736400,1595716199999,6967681.67370120,11542,372.60349500,3612986.25032352
2020-07-25 15:30:00,9704.95000000,9708.57000000,9685.20000000,9704.68000000,828.55020700,1595717999999,8033451.14993675,15092,327.42328100,3174471.34093968
2020-07-25 16:00:00,9704.91000000,9724.48000000,9668.88000000,9691.70000000,1233.94745000,1595719799999,11963060.94635212,19699,541.33387400,5248248.52604100
2020-07-25 16:30:00,9691.70000000,9709.48000000,9683.00000000,9700.42000000,598.71948300,1595721599999,5804356.11024683,13554,299.31709600,2901835.74819179
2020-07-25 17:00:00,9700.42000000,9704.08000000,9672.25000000,9679.77000000,964.32946200,1595723399999,9339337.92754623,16396,459.87784200,4453666.47239861
2020-07-25 17:30:00,9679.78000000,9689.27000000,9662.51000000,9682.56000000,520.34390700,1595725199999,5034745.88471154,11199,252.75222600,2445449.45166212
2020-07-25 18:00:00,9682.52000000,9689.75000000,9670.00000000,9678.73000000,529.82516600,1595726999999,5127937.01002951,9461,333.00145200,3223119.26391492
2020-07-25 18:30:00,9678.75000000,9680.39000000,9650.00000000,9664.71000000,1362.52535400,1595728799999,13165178.44688101,14782,562.24077000,5432335.32440411
2020-07-25 19:00:00,9664.71000000,9678.57000000,9653.85000000,9677.31000000,450.48567200,1595730599999,4352679.55328358,10567,262.06786700,2532369.97376030
2020-07-25 19:30:00,9677.10000000,9683.42000000,9661.72000000,9669.84000000,492.73309800,1595732399999,4767086.91741250,10035,229.14725900,2217015.30892176
2020-07-25 20:00:00,9669.84000000,9684.32000000,9663.84000000,9681.14000000,504.53871100,1595734199999,4882647.23991323,10419,199.12336700,1926724.20579167
2020-07-25 20:30:00,9681.14000000,9687.80000000,9674.84000000,9677.69000000,448.29884400,1595735999999,4339915.99409489,9216,222.77069300,2156517.30702916
2020-07-25 21:00:00,9677.69000000,9680.00000000,9660.35000000,9671.06000000,487.03154300,1595737799999,4709626.76286256,9649,183.51425500,1774465.93936724
2020-07-25 21:30:00,9671.05000000,9676.67000000,9665.58000000,9668.47000000,381.86214300,1595739599999,3693427.96306564,8274,160.30791900,1550447.99127112
2020-07-25 22:00:00,9668.40000000,9685.00000000,9664.18000000,9684.82000000,554.41839000,1595741399999,5362975.70131949,9505,250.80540600,2426045.22607101
2020-07-25 22:30:00,9684.83000000,9688.90000000,9674.98000000,9678.10000000,389.44750400,1595743199999,3770795.35631760,8964,208.58043300,2019723.77141060
2020-07-25 23:00:00,9678.06000000,9688.77000000,9672.59000000,9680.82000000,517.57545900,1595744999999,5011359.95972368,9092,236.54781300,2290342.21822519
2020-07-25 23:30:00,9680.82000000,9701.00000000,9680.82000000,9698.77000000,749.32396900,1595746799999,7261763.14770860,11625,347.14807800,3364921.47848901
2020-07-26 00:00:00,9698.76000000,9700.00000000,9683.97000000,9690.74000000,921.42420200,1595748599999,8928204.24281968,13096,377.20598100,3654794.40657530
2020-07-26 00:30:00,9690.74000000,9736.00000000,9686.38000000,9716.54000000,1767.91071100,1595750399999,17175186.67781299,20249,852.30587000,8279959.74409228
2020-07-26 01:00:00,9716.53000000,9736.69000000,9702.97000000,9730.35000000,1167.90620700,1595752199999,11350519.98827741,18190,638.15046700,6202703.41574097
2020-07-26 01:30:00,9730.42000000,9788.88000000,9714.22000000,9770.04000000,2881.84200000,1595753999999,28101504.05017581,34873,1596.73423000,15574233.47318590
2020-07-26 02:00:00,9770.06000000,9773.50000000,9745.00000000,9760.17000000,1681.31159900,1595755799999,16406143.37219905,28472,701.36082500,6843977.58944751
2020-07-26 02:30:00,9760.18000000,9845.00000000,9756.26000000,9838.97000000,2780.94906000,1595757599999,27259809.12066654,31190,1768.61613200,17338439.91122670
2020-07-26 03:00:00,9837.58000000,10111.00000000,9837.58000000,9958.28000000,12193.80609100,1595759399999,121747859.37405851,128519,7261.51938500,72496288.27695274
2020-07-26 03:30:00,9956.54000000,10004.53000000,9940.00000000,10004.00000000,3930.51671500,1595761199999,39195479.07843671,50426,2187.72615500,21819868.17056605
2020-07-26 04:00:00,10004.01000000,10006.00000000,9950.00000000,9957.83000000,2311.56462300,1595762999999,23062337.68956833,33238,1094.79768400,10923367.73326427
2020-07-26 04:30:00,9957.81000000,9983.14000000,9950.00000000,9970.87000000,1346.61853600,1595764799999,13423643.41629630,23082,657.82317500,6557569.17919415
2020-07-26 05:00:00,9970.86000000,9990.00000000,9910.00000000,9933.00000000,1933.97151400,1595766599999,19268488.00521343,26099,924.07152200,9208205.50294156
2020-07-26 05:30:00,9933.00000000,9933.00000000,9810.50000000,9878.29000000,3071.88983900,1595768399999,30329098.15014545,41451,1384.53314600,13668528.73997081
2020-07-26 06:00:00,9878.29000000,9927.46000000,9863.00000000,9902.98000000,1582.44004300,1595770199999,15658178.65243797,23637,804.98990900,7964626.95367217
2020-07-26 06:30:00,9902.92000000,9903.15000000,9870.00000000,9887.23000000,821.90982700,1595771999999,8125767.18734430,16519,378.52052600,3742023.03076266
2020-07-26 07:00:00,9887.24000000,9928.98000000,9882.35000000,9920.78000000,913.06177900,1595773799999,9044342.23311873,13682,457.77163500,4535200.73983656
2020-07-26 07:30:00,9920.77000000,9960.85000000,9909.01000000,9950.92000000,1295.70632100,1595775599999,12866171.76041177,17857,783.66947600,7782632.43883673
2020-07-26 08:00:00,9950.92000000,9950.93000000,9907.11000000,9919.93000000,971.44426300,1595777399999,9647471.55213246,19452,480.40252400,4771610.87150372
2020-07-26 08:30:00,9919.93000000,9983.06000000,9910.85000000,9961.83000000,2071.60049300,1595779199999,20607940.93212010,25429,1222.60819400,12164489.51148639
2020-07-26 09:00:00,9961.83000000,9988.00000000,9912.58000000,9937.50000000,1778.72415500,1595780999999,17687711.57174950,26474,869.45250900,8645358.57913288
2020-07-26 09:30:00,9937.49000000,9948.16000000,9895.12000000,9896.29000000,1120.81224000,1595782799999,11121305.68921685,22867,550.55747100,5464060.61284448
2020-07-26 10:00:00,9896.29000000,9924.70000000,9888.04000000,9913.48000000,832.54449000,1595784599999,8252240.46664853,15973,412.85317400,4092072.10610220
2020-07-26 10:30:00,9913.48000000,9924.17000000,9901.01000000,9909.23000000,541.21664700,1595786399999,5365205.40321995,10444,259.11136000,2568297.43233217
2020-07-26 11:00:00,9909.22000000,9909.23000000,9876.02000000,9907.51000000,1087.48182300,1595788199999,10757481.81146762,16012,547.31635600,5414518.93358074
2020-07-26 11:30:00,9907.51000000,9930.00000000,9897.66000000,9917.00000000,709.56312500,1595789999999,7033453.31973070,12455,354.07211000,3509398.88118826
2020-07-26 12:00:00,9917.00000000,9917.95000000,9887.90000000,9896.06000000,541.48172600,1595791799999,5359397.25356947,10871,237.20210700,2347555.03103320
2020-07-26 12:30:00,9896.06000000,9907.92000000,9845.20000000,9866.00000000,1128.57926500,1595793599999,11141698.87260931,14836,466.63794000,4605835.61559052
2020-07-26 13:00:00,9866.00000000,9888.00000000,9840.90000000,9874.40000000,766.59714300,1595795399999,7568551.81551801,10994,282.66203700,2790582.00103362
2020-07-26 13:30:00,9874.18000000,9895.97000000,9873.29000000,9887.87000000,764.00152000,1595797199999,7552567.86812181,12333,476.58240400,4711514.26095805
2020-07-26 14:00:00,9887.87000000,9898.17000000,9871.03000000,9896.91000000,388.75079700,1595798999999,3842785.75685322,9862,179.61316400,1775503.63255783
2020-07-26 14:30:00,9896.90000000,9906.11000000,9877.88000000,9879.98000000,609.70657600,1595800799999,6033698.05146606,11603,306.68456500,3034922.62090350
2020-07-26 15:00:00,9879.98000000,9940.00000000,9879.90000000,9920.03000000,1166.33137700,1595802599999,11567350.06547256,14359,470.72397700,4668054.89993031
2020-07-26 15:30:00,9920.16000000,9940.00000000,9915.44000000,9917.60000000,678.41534100,1595804399999,6735528.20431252,17486,262.61468100,2607702.13121027
2020-07-26 16:00:00,9917.58000000,9929.35000000,9898.97000000,9912.97000000,535.56110000,1595806199999,5308566.62834562,12681,250.71391200,2485313.20349084
2020-07-26 16:30:00,9912.96000000,9935.84000000,9911.48000000,9931.54000000,630.88894900,1595807999999,6262468.35536972,11716,340.84182400,3383201.41178249
2020-07-26 17:00:00,9931.54000000,9960.89000000,9917.21000000,9960.01000000,971.63128100,1595809799999,9657207.00028413,16367,542.56107400,5393018.30561158
2020-07-26 17:30:00,9960.00000000,10045.00000000,9954.27000000,9972.98000000,2979.54783300,1595811599999,29790171.80627405,38297,1834.91431300,18346311.51315038
2020-07-26 18:00:00,9972.85000000,10092.88000000,9971.71000000,10091.00000000,2940.80567100,1595813399999,29524225.42297074,36511,1960.47181500,19683797.39970242
2020-07-26 18:30:00,10090.99000000,10100.00000000,10000.00000000,10080.00000000,2788.64577000,1595815199999,28056083.71014176,43469,1591.40530300,16013395.70723972
2020-07-26 19:00:00,10079.99000000,10086.11000000,10034.97000000,10054.68000000,1285.47888000,1595816999999,12932189.61831436,20593,512.73664000,5158048.05258218
2020-07-26 19:30:00,10054.68000000,10073.13000000,10024.01000000,10053.34000000,1112.01800400,1595818799999,11179883.53607299,17250,545.50117300,5484487.97843460
2020-07-26 20:00:00,10053.33000000,10118.00000000,10050.87000000,10117.49000000,2359.27417500,1595820599999,23804991.75628367,28009,1615.49623100,16301602.65492166
2020-07-26 20:30:00,10117.49000000,10315.00000000,10107.35000000,10248.84000000,7378.84539900,1595822399999,75402066.87794883,90138,4335.70201800,44311600.20137704
2020-07-26 21:00:00,10248.85000000,10307.04000000,10171.00000000,10213.58000000,4203.40240700,1595824199999,43061528.44163116,51604,2025.76982400,20756443.27327614
2020-07-26 21:30:00,10213.58000000,10245.31000000,10170.00000000,10207.37000000,1509.01030900,1595825999999,15427097.94690869,26965,707.95266500,7237505.38434749
2020-07-26 22:00:00,10207.36000000,10239.58000000,10193.06000000,10235.28000000,1393.04014500,1595827799999,14229231.38398158,27072,726.41078900,7419609.30728618
2020-07-26 22:30:00,10235.28000000,10319.89000000,10229.37000000,10287.99000000,2689.02691900,1595829599999,27631170.04116983,45567,1356.19130000,13935685.07261501
2020-07-26 23:00:00,10287.99000000,10301.48000000,10215.08000000,10225.16000000,2080.29313000,1595831399999,21357132.55523351,34722,839.76570100,8623033.02440116
2020-07-26 23:30:00,10225.16000000,10288.68000000,10220.82000000,10280.95000000,1849.30822600,1595833199999,18949629.55595365,31157,833.23092200,8540928.36911745
2020-07-27 00:00:00,10280.95000000,10280.96000000,10230.33000000,10238.82000000,1567.75540900,1595834999999,16074897.31504898,25593,666.69748300,6835350.38914792
2020-07-27 00:30:00,10238.82000000,10242.84000000,10138.86000000,10157.95000000,2394.05939000,1595836799999,24430695.70777126,38715,1038.05168600,10594295.35932905
2020-07-27 01:00:00,10157.95000000,10185.33000000,10120.00000000,10169.83000000,2412.92972500,1595838599999,24508255.29644004,51417,1270.74028600,12907737.78396791
2020-07-27 01:30:00,10169.82000000,10183.18000000,10128.93000000,10170.17000000,1852.72811000,1595840399999,18827048.04700696,32119,909.88917800,9246324.66425268
2020-07-27 02:00:00,10169.79000000,10199.99000000,10153.44000000,10176.25000000,1349.53083300,1595842199999,13741555.78682724,23104,662.70981800,6747945.97813893
2020-07-27 02:30:00,10176.24000000,10260.00000000,10136.13000000,10246.46000000,2309.27520400,1595843999999,23578931.23365791,29661,1010.99341700,10326298.60590433
2020-07-27 03:00:00,10245.89000000,10250.00000000,10214.28000000,10223.53000000,1652.01414900,1595845799999,16903084.85152636,23810,655.56978400,6708042.35071949
2020-07-27 03:30:00,10223.53000000,10288.88000000,10213.35000000,10258.80000000,1976.06200500,1595847599999,20273031.04701153,25581,943.60226700,9680770.78687067
2020-07-27 04:00:00,10258.80000000,10328.00000000,10201.00000000,10213.73000000,3410.26151400,1595849399999,35000256.70029189,41504,1609.60521700,16525503.35826907
2020-07-27 04:30:00,10213.72000000,10273.46000000,10207.43000000,10255.92000000,1311.41508700,1595851199999,13431960.57717313,23919,652.87912600,6685753.70192167
2020-07-27 05:00:00,10255.93000000,10284.49000000,10223.20000000,10262.12000000,1792.45306000,1595852999999,18375946.10564102,22601,650.11076000,6665864.94225837
2020-07-27 05:30:00,10262.13000000,10309.97000000,10259.03000000,10292.08000000,2481.65903900,1595854799999,25529569.89114303,28475,1213.12089000,12482299.38481621
2020-07-27 06:00:00,10291.49000000,10379.00000000,10270.93000000,10295.00000000,4297.32002400,1595856599999,44372146.07955721,49697,2336.43036000,24125670.10479999
2020-07-27 06:30:00,10295.00000000,10389.22000000,10240.30000000,10353.90000000,2969.92558800,1595858399999,30660334.67152932,39160,1230.91679800,12712020.52245834
2020-07-27 07:00:00,10353.90000000,10371.67000000,10307.91000000,10315.00000000,3101.85035600,1595860199999,32066771.81481962,50832,1448.70355200,14977475.67879089
2020-07-27 07:30:00,10315.31000000,10440.00000000,10302.15000000,10415.10000000,4870.71719900,1595861999999,50553709.85500173,59458,2443.97635800,25376650.47299205
2020-07-27 08:00:00,10415.11000000,10416.53000000,10276.03000000,10329.80000000,4030.57885500,1595863799999,41662196.49968374,60121,2066.36217500,21354462.32975929
2020-07-27 08:30:00,10329.80000000,10350.70000000,10288.83000000,10299.90000000,1827.13725500,1595865599999,18868917.09023568,31360,809.28066200,8358614.20948394
2020-07-27 09:00:00,10299.99000000,10423.81000000,10294.42000000,10411.53000000,2828.36425200,1595867399999,29341293.09658639,40083,1409.79629400,14623510.95886896
2020-07-27 09:30:00,10411.53000000,10780.00000000,10389.00000000,10720.68000000,10602.87861600,1595869199999,111987146.46731137,111015,6247.50873500,65984679.77434146
2020-07-27 10:00:00,10720.19000000,10950.00000000,10650.00000000,10800.80000000,11298.44238600,1595870999999,122026600.89571116,121691,5815.43501300,62816112.07599876
2020-07-27 10:30:00,10800.42000000,10874.81000000,10731.59000000,10872.57000000,3904.00315600,1595872799999,42195391.04690420,48086,1994.81138500,21563357.84935190
2020-07-27 11:00:00,10872.56000000,10903.00000000,10731.59000000,10782.04000000,3670.85000400,1595874599999,39787543.93251453,44330,1746.93012400,18939074.73658389
2020-07-27 11:30:00,10782.04000000,10845.00000000,10781.99000000,10841.22000000,2068.59247900,1595876399999,22392662.68425458,23081,1046.39481500,11327054.48384524
2020-07-27 12:00:00,10841.22000000,10843.60000000,10770.06000000,10791.96000000,1520.45871100,1595878199999,16428282.04276193,19794,761.98940300,8233491.02965638
2020-07-27 12:30:00,10791.62000000,10794.55000000,10720.03000000,10792.00000000,2269.96289100,1595879999999,24413286.04439829,26190,992.32548500,10674424.23590944
2020-07-27 13:00:00,10792.00000000,10834.00000000,10782.02000000,10822.01000000,1600.42596200,1595881799999,17296140.83435074,19546,765.53139000,8272756.08143745
2020-07-27 13:30:00,10822.00000000,10883.62000000,10810.00000000,10875.36000000,1479.41821100,1595883599999,16030598.63037059,17748,814.30711000,8825461.82415870
2020-07-27 14:00:00,10875.19000000,10878.90000000,10807.09000000,10839.59000000,1089.33511600,1595885399999,11809132.98388901,14088,487.38168600,5283964.93878380
2020-07-27 14:30:00,10839.50000000,11120.00000000,10808.12000000,11088.73000000,4860.36720600,1595887199999,53395310.37159992,49526,3059.45954100,33621801.44506846
2020-07-27 15:00:00,11088.67000000,11394.86000000,11050.00000000,11180.51000000,10196.35947100,1595888999999,114557340.01213051,84254,5000.01953500,56202696.42494316
2020-07-27 15:30:00,11181.50000000,11263.31000000,11111.14000000,11206.21000000,3589.23327200,1595890799999,40124331.17872052,30801,1735.55736700,19400089.00395112
2020-07-27 16:00:00,11209.25000000,11210.64000000,10680.00000000,10973.24000000,5670.04606900,1595892599999,62339493.80494164,59675,2594.95949900,28522287.46626370
2020-07-27 16:30:00,10978.29000000,11099.52000000,10959.00000000,11029.96000000,2392.19439100,1595894399999,26368899.84919886,26332,1130.45308400,12459077.19168327
2020-07-27 17:00:00,11029.96000000,11242.23000000,11024.73000000,11213.78000000,2572.45291400,1595896199999,28718023.27393568,36919,1335.49987100,14905743.53672894
2020-07-27 17:30:00,11213.00000000,11213.00000000,11107.16000000,11155.86000000,1417.07644600,1595897999999,15805574.59265680,21969,657.18994200,7329533.10287820
2020-07-27 18:00:00,11155.20000000,11238.00000000,11088.76000000,11154.93000000,2046.35412300,1595899799999,22871999.17201723,29872,978.44860800,10934153.80739270
2020-07-27 18:30:00,11155.56000000,11200.00000000,11120.00000000,11200.00000000,1326.13687200,1595901599999,14791186.15263849,20034,566.23695500,6316933.87299442
2020-07-27 19:00:00,11200.00000000,11200.00000000,10973.99000000,11072.52000000,2057.48377100,1595903399999,22825833.63795301,29037,922.49511300,10230898.57136015
2020-07-27 19:30:00,11072.53000000,11110.95000000,10961.24000000,10974.32000000,1615.92772600,1595905199999,17863758.92335346,24030,774.72906300,8564903.45751143
2020-07-27 20:00:00,10974.33000000,10986.84000000,10860.10000000,10922.29000000,2890.91908800,1595906999999,31568242.23967284,37505,1352.91993500,14771511.56346155
2020-07-27 20:30:00,10922.07000000,10975.10000000,10828.00000000,10971.42000000,2037.61819300,1595908799999,22220773.47953040,32956,1054.04492300,11501924.75849336
2020-07-27 21:00:00,10970.88000000,11037.25000000,10964.40000000,10970.05000000,1614.70468700,1595910599999,17773604.94627147,28969,853.11841100,9391013.80552416
2020-07-27 21:30:00,10970.05000000,11045.20000000,10933.07000000,11044.98000000,1251.12564800,1595912399999,13740647.22304147,24586,636.74303000,6993449.60672961
2020-07-27 22:00:00,11044.44000000,11045.31000000,10930.07000000,10935.78000000,1470.17260700,1595914199999,16153187.30198566,27440,727.12454800,7988775.50215848
2020-07-27 22:30:00,10935.78000000,10955.63000000,10854.55000000,10883.65000000,1951.02144900,1595915999999,21278129.55924665,33341,1026.45590400,11195433.61807886
2020-07-27 23:00:00,10883.89000000,10995.55000000,10835.00000000,10909.38000000,2729.90447900,1595917799999,29803464.08498800,41861,1390.49161600,15184223.38988885
2020-07-27 23:30:00,10909.44000000,10960.16000000,10867.00000000,10940.73000000,1791.74701600,1595919599999,19579851.69046178,23524,710.82182800,7765986.39635474
2020-07-28 00:00:00,10940.72000000,11000.00000000,10928.70000000,10957.96000000,1733.39119200,1595921399999,19009919.67180207,25694,714.29452900,7834621.49238306
2020-07-28 00:30:00,10957.97000000,10962.41000000,10840.00000000,10881.62000000,1989.75032200,1595923199999,21664436.07433351,31424,756.18938100,8232537.74277271
2020-07-28 01:00:00,10881.62000000,10905.68000000,10750.00000000,10809.89000000,3203.83822500,1595924999999,34684280.68536480,39097,1253.33662800,13569381.92432898
2020-07-28 01:30:00,10809.85000000,10837.53000000,10700.00000000,10725.96000000,2782.11833200,1595926799999,29965537.14735266,35531,1291.91489300,13915631.97336314
2020-07-28 02:00:00,10725.24000000,10810.07000000,10695.30000000,10764.42000000,2563.30185500,1595928599999,27589668.18058976,36938,1220.43479300,13135595.95607396
2020-07-28 02:30:00,10765.90000000,10804.78000000,10725.06000000,10770.27000000,2146.70101100,1595930399999,23130072.72011886,30171,1020.48224400,10995038.15561092
2020-07-28 03:00:00,10770.17000000,10771.82000000,10565.00000000,10702.75000000,4798.44200200,1595932199999,51154738.79091506,59363,2252.19806400,24011646.21296007
2020-07-28 03:30:00,10702.74000000,10823.99000000,10687.62000000,10806.18000000,2429.25891800,1595933999999,26151658.64495692,32741,1124.24172400,12104871.06923902
2020-07-28 04:00:00,10806.39000000,10986.96000000,10790.04000000,10969.62000000,3954.06057200,1595935799999,43072555.14993652,47417,2041.17426900,22234745.78697857
2020-07-28 04:30:00,10969.62000000,11023.00000000,10926.14000000,10983.90000000,2973.25330400,1595937599999,32628039.86234213,39664,1464.96474700,16079790.58200215
2020-07-28 05:00:00,10983.89000000,11063.35000000,10942.27000000,10977.66000000,2803.81671700,1595939399999,30847876.98783971,40200,1268.96744600,13961095.09842243
2020-07-28 05:30:00,10977.67000000,10997.67000000,10907.80000000,10992.45000000,2091.34448700,1595941199999,22888534.15268664,28909,966.42329700,10575660.00564218
2020-07-28 06:00:00,10992.46000000,11034.51000000,10942.44000000,10957.33000000,2029.21889900,1595942999999,22303325.21001492,26989,967.00139800,10630138.77457763
2020-07-28 06:30:00,10957.33000000,11008.04000000,10907.00000000,10989.32000000,1888.03909200,1595944799999,20698857.24444030,30107,904.87309300,9919593.72229968
2020-07-28 07:00:00,10989.53000000,11172.80000000,10959.82000000,11090.74000000,4102.68052700,1595946599999,45432187.77050129,56399,2430.88093000,26906811.52400601
2020-07-28 07:30:00,11093.37000000,11170.00000000,11088.26000000,11169.00000000,2393.51564200,1595948399999,26645997.80294694,38025,1151.89376300,12824446.28458834
2020-07-28 08:00:00,11169.02000000,11180.00000000,11067.91000000,11125.49000000,1951.41892600,1595950199999,21683883.88170117,30098,909.98496700,10112391.52715053
2020-07-28 08:30:00,11125.49000000,11160.00000000,11106.91000000,11150.26000000,1684.31690200,1595951999999,18763337.66438203,29013,741.74659700,8262665.00719901
2020-07-28 09:00:00,11150.25000000,11176.61000000,10930.30000000,11030.66000000,4365.17282900,1595953799999,48230747.97562137,66855,2144.71143500,23702548.86726088
2020-07-28 09:30:00,11030.58000000,11069.59000000,10852.46000000,10956.94000000,2987.27374300,1595955599999,32719687.74558595,43154,1390.40407600,15231223.02555803
2020-07-28 10:00:00,10956.73000000,11025.00000000,10900.96000000,11000.80000000,2053.51844600,1595957399999,22515706.37345401,31608,1088.86448700,11941781.73323695
2020-07-28 10:30:00,11001.81000000,11015.00000000,10925.00000000,10936.64000000,1342.69370400,1595959199999,14752773.65685836,25991,635.21553900,6980417.93955447
2020-07-28 11:00:00,10936.64000000,10959.32000000,10895.96000000,10902.37000000,1405.36216700,1595960999999,15363352.05802608,22409,718.49670500,7855595.21533942
2020-07-28 11:30:00,10902.37000000,10936.03000000,10840.00000000,10915.36000000,1483.34196400,1595962799999,16156993.95963242,25689,631.01296900,6874660.31238673
2020-07-28 12:00:00,10915.36000000,10948.42000000,10857.61000000,10940.00000000,1103.12793800,1595964599999,12035155.72872297,19595,611.44060900,6670979.39079902
2020-07-28 12:30:00,10939.99000000,10998.04000000,10939.99000000,10993.97000000,1006.35448000,1595966399999,11042049.05930522,18335,531.28907700,5829801.71138854
2020-07-28 13:00:00,10993.98000000,11010.20000000,10941.74000000,10966.18000000,1001.27802400,1595968199999,10989448.86630665,19592,464.09049200,5093130.17114703
2020-07-28 13:30:00,10966.18000000,10995.00000000,10956.91000000,10962.94000000,671.11304500,1595969999999,7369342.71288985,13170,313.85036300,3446603.86966259
2020-07-28 14:00:00,10962.94000000,11045.21000000,10962.78000000,11018.65000000,864.50761400,1595971799999,9521910.09126182,18423,472.42253300,5202314.20180893
2020-07-28 14:30:00,11018.74000000,11050.00000000,10985.78000000,10994.01000000,742.33423100,1595973599999,8181551.27395750,20330,386.90827100,4264608.59986876
2020-07-28 15:00:00,10994.00000000,11026.20000000,10870.99000000,10874.23000000,1267.01656700,1595975399999,13879609.79814364,24510,531.27568400,5819032.52542938
2020-07-28 15:30:00,10873.92000000,10965.69000000,10856.17000000,10942.29000000,1177.46511800,1595977199999,12847987.48326187,24070,538.27337400,5873790.02338198
2020-07-28 16:00:00,10942.57000000,10974.21000000,10914.59000000,10919.00000000,814.30412300,1595978999999,8911669.73498596,18196,352.12641800,3854172.11854116
2020-07-28 16:30:00,10919.00000000,10931.95000000,10890.00000000,10906.27000000,691.75825000,1595980799999,7548329.75119684,13886,297.72599200,3249211.45504625
2020-07-28 17:00:00,10906.27000000,10974.24000000,10904.66000000,10924.57000000,1006.05200100,1595982599999,11013767.79091286,16475,378.48420500,4143164.70623864
2020-07-28 17:30:00,10924.57000000,10931.73000000,10865.04000000,10865.05000000,1089.45612900,1595984399999,11875475.80415124,17362,443.62081400,4834825.37010831
2020-07-28 18:00:00,10865.43000000,10898.23000000,10831.55000000,10891.06000000,1436.57774100,1595986199999,15607103.56140233,20656,576.45164600,6262809.52147077
2020-07-28 18:30:00,10891.06000000,10910.00000000,10844.43000000,10897.26000000,974.96523800,1595987999999,10616574.23608890,15807,340.95296600,3712762.69434695
2020-07-28 19:00:00,10897.26000000,10937.75000000,10877.58000000,10923.37000000,817.72381000,1595989799999,8923111.11675015,14948,321.61578300,3509961.98939015
2020-07-28 19:30:00,10924.40000000,10925.07000000,10893.58000000,10901.57000000,736.10688000,1595991599999,8029511.17550804,14122,333.54272300,3638277.90957151
2020-07-28 20:00:00,10901.59000000,11000.00000000,10901.59000000,10982.10000000,1386.70537700,1595993399999,15200239.65195744,20767,617.32532600,6769007.52276408
2020-07-28 20:30:00,10982.10000000,10991.23000000,10960.36000000,10978.27000000,841.16828800,1595995199999,9234718.84367913,12859,320.52904700,3519091.00713829
2020-07-28 21:00:00,10978.02000000,11004.80000000,10943.47000000,10945.38000000,922.94688600,1595996999999,10121554.14108836,15245,458.35301100,5028865.95298351
2020-07-28 21:30:00,10945.38000000,10972.59000000,10928.77000000,10945.15000000,573.98349200,1595998799999,6285627.03841469,12288,290.81056400,3184432.33422225
2020-07-28 22:00:00,10945.15000000,10984.40000000,10925.00000000,10974.37000000,841.23855900,1596000599999,9218052.40021108,14494,423.00035200,4635170.20977082
2020-07-28 22:30:00,10974.37000000,10998.00000000,10812.00000000,10952.09000000,1753.91021500,1596002399999,19201499.70002489,25259,801.44879800,8779777.97521187
2020-07-28 23:00:00,10952.08000000,11049.22000000,10938.37000000,11011.16000000,1819.92923600,1596004199999,20049029.59168889,31501,967.54955600,10657926.08124571
2020-07-28 23:30:00,11011.15000000,11079.97000000,10997.96000000,11069.00000000,1779.89883500,1596005999999,19645492.23073981,24518,866.54196200,9565610.45659894
2020-07-29 00:00:00,11069.01000000,11078.78000000,11002.90000000,11024.68000000,1452.19035100,1596007799999,16028145.28421891,19087,560.11969300,6181822.81884152
2020-07-29 00:30:00,11024.69000000,11039.00000000,11003.77000000,11015.11000000,1120.88678600,1596009599999,12356735.55838992,18844,459.70559200,5067436.31474230
2020-07-29 01:00:00,11015.29000000,11064.84000000,11013.27000000,11044.15000000,1471.53976000,1596011399999,16256171.15837797,22016,586.28471300,6476703.41594623
2020-07-29 01:30:00,11044.15000000,11135.00000000,11038.88000000,11127.52000000,2104.25459600,1596013199999,23342378.37790255,28629,1110.72640600,12323459.16806977
2020-07-29 02:00:00,11127.52000000,11149.66000000,10916.00000000,10996.04000000,3758.70377700,1596014999999,41637504.20657360,42138,1505.83085400,16676786.39697929
2020-07-29 02:30:00,10995.87000000,11053.19000000,10995.32000000,11020.00000000,2060.08999000,1596016799999,22721800.90578217,26929,968.07977800,10676235.88425427
2020-07-29 03:00:00,11020.25000000,11039.69000000,10979.50000000,10992.35000000,1527.36237700,1596018599999,16815421.31858825,23090,717.80250600,7903286.02412823
2020-07-29 03:30:00,10992.35000000,11058.99000000,10990.48000000,11051.34000000,1181.50304000,1596020399999,13030636.36823740,22036,613.13892200,6762527.71714108
2020-07-29 04:00:00,11050.53000000,11057.91000000,11015.00000000,11031.34000000,1240.90411300,1596022199999,13701972.00502364,19597,504.14361700,5566449.41284675
2020-07-29 04:30:00,11031.34000000,11108.50000000,11028.28000000,11101.00000000,1891.05767000,1596023999999,20947217.89992733,23084,698.68329100,7738929.50046383
2020-07-29 05:00:00,11101.00000000,11124.00000000,11065.85000000,11072.28000000,1559.63828400,1596025799999,17306933.80993162,23633,701.87838700,7789366.14058782
2020-07-29 05:30:00,11072.27000000,11136.99000000,11070.00000000,11100.45000000,1464.50628500,1596027599999,16271243.76891241,22723,751.11588200,8344909.38784132
2020-07-29 06:00:00,11101.18000000,11137.65000000,11044.00000000,11079.25000000,1816.22495100,1596029399999,20162261.36850261,27268,753.32603900,8361853.58169610
2020-07-29 06:30:00,11079.25000000,11106.10000000,11055.00000000,11088.44000000,1291.23832600,1596031199999,14306431.63979014,20812,617.96184400,6847208.31029077
2020-07-29 07:00:00,11088.44000000,11124.12000000,11081.42000000,11099.41000000,1128.31713800,1596032999999,12526490.07302024,17137,523.45293500,5811908.83834872
2020-07-29 07:30:00,11099.39000000,11296.74000000,10970.20000000,11102.04000000,6769.88399500,1596034799999,75610898.44280099,76723,3717.60314100,41556232.07661318
2020-07-29 08:00:00,11102.03000000,11194.86000000,11095.00000000,11154.14000000,2183.59376400,1596036599999,24343666.15866144,34429,1039.33104900,11587502.54844176
2020-07-29 08:30:00,11153.75000000,11180.00000000,11131.84000000,11162.01000000,1202.82408400,1596038399999,13425901.48856819,20468,571.02243100,6373941.66463095
2020-07-29 09:00:00,11161.86000000,11234.00000000,11155.01000000,11206.46000000,2156.66883600,1596040199999,24151609.44413283,29060,1111.71545700,12450658.07464666
2020-07-29 09:30:00,11206.52000000,11270.00000000,11200.00000000,11269.59000000,1782.65573500,1596041999999,20031748.25518564,28129,912.66141800,10255507.83854015
2020-07-29 10:00:00,11269.60000000,11282.82000000,11175.00000000,11235.29000000,2002.38998000,1596043799999,22518015.10149500,29041,973.81188100,10951684.65739125
2020-07-29 10:30:00,11235.11000000,11249.57000000,11105.00000000,11168.83000000,1949.61639200,1596045599999,21806114.42659973,28231,892.15182800,9979883.13181393
2020-07-29 11:00:00,11168.83000000,11224.20000000,11150.00000000,11194.46000000,1252.21345200,1596047399999,14022581.57327498,20075,560.43632800,6276679.13052987
2020-07-29 11:30:00,11194.99000000,11270.00000000,11194.99000000,11206.34000000,1511.96096900,1596049199999,16995149.66174699,21401,872.13439900,9803361.30075951
2020-07-29 12:00:00,11206.35000000,11229.53000000,11162.06000000,11214.58000000,1468.95280600,1596050999999,16453065.47665661,21101,665.22571400,7451433.69275399
2020-07-29 12:30:00,11214.58000000,11226.30000000,11178.83000000,11204.59000000,1039.98890600,1596052799999,11648636.12947034,17866,513.64769400,5753090.53003792
2020-07-29 13:00:00,11204.95000000,11251.81000000,11200.34000000,11235.96000000,1123.20674600,1596054599999,12615477.12967913,15381,518.24973800,5821472.99302086
2020-07-29 13:30:00,11236.15000000,11245.00000000,11175.65000000,11208.58000000,980.83099200,1596056399999,10997358.75343057,15058,410.50859000,4604524.41544804
2020-07-29 14:00:00,11208.58000000,11269.98000000,11198.00000000,11217.87000000,1077.78685800,1596058199999,12104159.24529775,21451,569.28757900,6394272.43370672
2020-07-29 14:30:00,11218.00000000,11342.82000000,11217.91000000,11288.29000000,2632.03411900,1596059999999,29685975.29231167,36472,1674.63119900,18886918.13443183
2020-07-29 15:00:00,11288.30000000,11311.49000000,11250.00000000,11264.61000000,1563.79785000,1596061799999,17634874.22130478,24366,776.40048700,8756677.46664222
2020-07-29 15:30:00,11264.60000000,11279.97000000,11226.00000000,11243.38000000,972.16987100,1596063599999,10942113.91547749,15944,419.94093800,4726615.25329523
2020-07-29 16:00:00,11243.37000000,11243.37000000,11057.44000000,11122.55000000,2771.22994600,1596065399999,30880937.11968478,35512,1206.49504000,13442307.54251085
2020-07-29 16:30:00,11122.55000000,11122.55000000,11042.82000000,11100.53000000,1347.20880100,1596067199999,14940870.75424829,23270,600.74494200,6663897.56036904
2020-07-29 17:00:00,11100.52000000,11100.52000000,10970.19000000,11064.88000000,2403.94670200,1596068999999,26518439.37583805,31099,894.55912200,9870093.35967541
2020-07-29 17:30:00,11064.89000000,11118.00000000,11050.00000000,11115.12000000,831.06000600,1596070799999,9209561.96650395,15740,405.28490500,4491893.37499621
2020-07-29 18:00:00,11115.12000000,11121.50000000,11076.99000000,11083.41000000,769.66743200,1596072599999,8542452.40818185,14486,356.85674600,3960833.39767389
2020-07-29 18:30:00,11083.41000000,11095.00000000,11040.00000000,11047.75000000,736.59600800,1596074399999,8157513.19075908,11522,262.92927800,2912042.56510770
2020-07-29 19:00:00,11047.80000000,11095.00000000,11040.70000000,11077.80000000,690.85531100,1596076199999,7649376.11482312,10121,341.55174800,3781591.41738435
2020-07-29 19:30:00,11077.78000000,11077.78000000,10937.00000000,10977.09000000,2180.07124100,1596077999999,23980166.60213925,25136,997.44966900,10975231.46911501
2020-07-29 20:00:00,10977.78000000,11048.45000000,10952.19000000,11025.83000000,1266.42564800,1596079799999,13944055.83508856,19357,582.24262800,6412417.07676222
2020-07-29 20:30:00,11025.84000000,11026.75000000,10981.77000000,10983.56000000,1013.62907000,1596081599999,11155699.51723506,15826,533.35315100,5869991.35091349
2020-07-29 21:00:00,10983.56000000,11045.00000000,10968.70000000,11045.00000000,858.23205200,1596083399999,9463094.87541847,15251,394.08801100,4345209.14177267
2020-07-29 21:30:00,11044.99000000,11045.00000000,11015.01000000,11025.67000000,646.85941400,1596085199999,7135533.40360027,12300,245.45703500,2707555.99569447
2020-07-29 22:00:00,11025.86000000,11035.00000000,10987.26000000,11002.90000000,813.52557200,1596086999999,8956735.77866571,14135,349.41736700,3846975.25401030
2020-07-29 22:30:00,11002.61000000,11010.76000000,10961.03000000,10989.80000000,1198.97500500,1596088799999,13176757.02659428,17395,505.58125700,5556443.11023844
2020-07-29 23:00:00,10989.81000000,11025.00000000,10916.07000000,11023.48000000,2129.70126400,1596090599999,23397554.89580737,27731,1104.79042700,12140554.28074144
2020-07-29 23:30:00,11023.68000000,11023.71000000,10971.75000000,11000.01000000,1227.27763400,1596092399999,13489728.75512765,17325,603.43878800,6632689.12564612
2020-07-30 00:00:00,11000.00000000,11001.00000000,10944.01000000,10973.62000000,1287.91944200,1596094199999,14125660.25678472,16870,649.22833500,7119824.72723097
2020-07-30 00:30:00,10973.61000000,10975.00000000,10893.30000000,10941.64000000,2303.37461500,1596095999999,25165508.60768177,27820,957.25740100,10456409.48026711
2020-07-30 01:00:00,10941.64000000,10971.05000000,10930.07000000,10939.30000000,1284.87170800,1596097799999,14072033.92351526,19470,648.32823500,7100152.24738143
2020-07-30 01:30:00,10939.27000000,11010.31000000,10936.29000000,11007.38000000,1077.71682600,1596099599999,11826769.24594091,15611,521.79100200,5726850.26645474
2020-07-30 02:00:00,11007.38000000,11007.38000000,10965.00000000,10967.40000000,873.99103300,1596101399999,9600359.71522216,13507,402.01383200,4415726.86975556
2020-07-30 02:30:00,10967.40000000,10984.63000000,10945.00000000,10984.28000000,824.71899100,1596103199999,9042598.99252390,12857,388.20992900,4256551.41367953
2020-07-30 03:00:00,10984.28000000,10984.28000000,10933.67000000,10950.66000000,969.41862000,1596104999999,10624156.46198325,14323,371.60312100,4072096.23221029
2020-07-30 03:30:00,10950.66000000,10958.78000000,10913.12000000,10939.42000000,1236.74597100,1596106799999,13524640.02693356,18030,533.27454700,5831698.09939023
2020-07-30 04:00:00,10939.49000000,10949.00000000,10887.28000000,10929.84000000,1374.41279300,1596108599999,15015443.27828355,21864,603.58146900,6594383.43422583
2020-07-30 04:30:00,10929.84000000,10946.95000000,10913.83000000,10926.03000000,976.22588300,1596110399999,10670739.65873624,15440,531.27803600,5807258.24597819
2020-07-30 05:00:00,10925.82000000,10985.00000000,10921.61000000,10965.85000000,1574.27503600,1596112199999,17262669.34127234,20237,791.33247100,8677045.91318037
2020-07-30 05:30:00,10965.85000000,10967.26000000,10932.71000000,10932.71000000,780.15567500,1596113999999,8541917.35045664,13249,381.96985000,4182562.92023659
2020-07-30 06:00:00,10932.72000000,11009.00000000,10831.00000000,10980.91000000,2913.60719400,1596115799999,31851923.13094986,34901,1133.43976100,12402417.38237414
2020-07-30 06:30:00,10980.91000000,11040.01000000,10972.75000000,11022.27000000,2018.75212500,1596117599999,22233187.95285763,24999,985.18351700,10848824.73290930
2020-07-30 07:00:00,11022.27000000,11022.27000000,10962.67000000,10991.36000000,1646.78374400,1596119399999,18097224.24622517,22689,761.46387400,8367488.27733549
2020-07-30 07:30:00,10991.25000000,10994.67000000,10950.00000000,10967.11000000,1063.51950900,1596121199999,11663570.40914951,17485,529.32397900,5805417.22665949
2020-07-30 08:00:00,10967.11000000,10985.94000000,10962.55000000,10985.93000000,874.86459200,1596122999999,9603915.68622447,14302,397.96874400,4368760.99221018
2020-07-30 08:30:00,10985.94000000,11017.10000000,10983.54000000,11010.73000000,1005.85196500,1596124799999,11066364.91258927,16226,485.99730600,5346921.16188710
2020-07-30 09:00:00,11010.73000000,11033.00000000,10971.48000000,10982.62000000,1582.55933000,1596126599999,17405522.50982601,21747,785.06213900,8636728.74949556
2020-07-30 09:30:00,10982.62000000,11032.32000000,10980.02000000,11016.02000000,1053.37658600,1596128399999,11594428.72851613,15509,440.36141100,4847436.16056263
2020-07-30 10:00:00,11016.05000000,11045.84000000,10997.05000000,11003.00000000,1290.83400500,1596130199999,14225700.28290394,14979,504.97819400,5566455.71303765
2020-07-30 10:30:00,11002.72000000,11048.00000000,10993.26000000,11041.47000000,1249.62807900,1596131999999,13774957.76793928,17226,585.20646300,6452779.77642311
2020-07-30 11:00:00,11041.30000000,11093.00000000,11036.24000000,11075.41000000,2189.28032300,1596133799999,24234831.27345223,29915,1103.99882800,12222441.67049779
2020-07-30 11:30:00,11075.41000000,11093.68000000,11066.74000000,11089.70000000,1373.97097200,1596135599999,15224512.45579823,16608,643.70154600,7133051.40561630
2020-07-30 12:00:00,11089.70000000,11136.00000000,11075.58000000,11092.51000000,2130.81180300,1596137399999,23664152.64551693,28857,1007.57728400,11191829.35359154
2020-07-30 12:30:00,11092.96000000,11133.00000000,11074.94000000,11116.82000000,1108.85858300,1596139199999,12312183.16794840,17388,497.52151000,5524570.31495660
2020-07-30 13:00:00,11116.82000000,11160.00000000,11115.61000000,11145.77000000,1642.70910900,1596140999999,18293904.16177278,24238,962.27295100,10716834.11430850
2020-07-30 13:30:00,11145.77000000,11169.00000000,11126.31000000,11132.29000000,1046.63554400,1596142799999,11666206.17993270,16046,533.96486200,5952579.90632358
2020-07-30 14:00:00,11132.25000000,11160.00000000,11075.00000000,11097.70000000,1121.45722300,1596144599999,12472936.97907987,19521,508.08153900,5650631.61685069
2020-07-30 14:30:00,11097.82000000,11114.03000000,11057.81000000,11078.05000000,797.08670100,1596146399999,8838066.44537222,14099,404.58312900,4486946.08801791
2020-07-30 15:00:00,11077.83000000,11113.59000000,11077.82000000,11104.53000000,531.20978100,1596148199999,5895247.29420598,9238,252.84485400,2805787.17303779
2020-07-30 15:30:00,11104.54000000,11166.32000000,11088.02000000,11163.84000000,873.07431500,1596149999999,9711407.93364945,13902,511.95158300,5695912.04935961
2020-07-30 16:00:00,11163.57000000,11170.00000000,11118.73000000,11125.06000000,1011.55575700,1596151799999,11277933.25094806,17853,424.01858500,4728089.58419941
2020-07-30 16:30:00,11125.23000000,11138.98000000,11084.61000000,11099.61000000,937.75026400,1596153599999,10422197.86730834,15530,456.32834600,5072007.78414824
2020-07-30 17:00:00,11099.79000000,11135.20000000,11075.03000000,11095.79000000,846.29299300,1596155399999,9395056.33189792,15765,461.50615300,5123444.97587166
2020-07-30 17:30:00,11095.78000000,11098.15000000,11027.00000000,11046.14000000,955.90986200,1596157199999,10572812.58035818,19177,398.59452300,4409283.39124565
2020-07-30 18:00:00,11046.12000000,11059.72000000,10981.20000000,10998.24000000,916.47798300,1596158999999,10099721.74526652,16937,380.29485200,4192478.40010534
2020-07-30 18:30:00,10998.24000000,11020.52000000,10960.00000000,11016.31000000,1042.45392800,1596160799999,11452832.95872694,19964,444.34199800,4881900.93957406
2020-07-30 19:00:00,11016.30000000,11023.00000000,10983.71000000,11022.36000000,580.20854300,1596162599999,6387556.81592313,12726,261.03531300,2873619.48545459
2020-07-30 19:30:00,11022.35000000,11022.95000000,10989.21000000,10993.23000000,713.02263900,1596164399999,7844285.31555680,12246,224.12899700,2465509.46182807
2020-07-30 20:00:00,10993.20000000,11028.36000000,10985.77000000,11022.63000000,578.07102700,1596166199999,6365631.72887788,10024,275.87750000,3038288.69970441
2020-07-30 20:30:00,11022.63000000,11024.46000000,10964.50000000,10977.08000000,786.74313900,1596167999999,8643859.68835923,14193,273.68499200,3007021.14468659
2020-07-30 21:00:00,10976.26000000,11008.96000000,10974.00000000,11002.70000000,720.52781300,1596169799999,7920677.48979774,14379,327.93284700,3605073.28941459
2020-07-30 21:30:00,11002.67000000,11058.07000000,10996.02000000,11049.53000000,927.58847700,1596171599999,10233169.06929475,14726,374.56804500,4131746.91481184
2020-07-30 22:00:00,11049.53000000,11057.80000000,11033.41000000,11053.79000000,753.92494200,1596173399999,8327408.30720172,10348,313.47303100,3462347.95548803
2020-07-30 22:30:00,11053.78000000,11058.88000000,11030.59000000,11039.04000000,679.58265400,1596175199999,7504459.37679474,11052,211.35214200,2333468.87631338
2020-07-30 23:00:00,11039.04000000,11120.00000000,11034.00000000,11102.80000000,1179.30031800,1596176999999,13068827.92627935,17636,561.20015200,6219976.15983043
2020-07-30 23:30:00,11102.76000000,11153.30000000,11098.61000000,11140.64000000,1296.21209500,1596178799999,14423154.37882790,18602,618.97555900,6888163.93065900
2020-07-31 00:00:00,11140.63000000,11150.09000000,11093.76000000,11112.89000000,1275.28797800,1596180599999,14173060.17277732,16945,599.84778000,6666299.40428293
2020-07-31 00:30:00,11112.89000000,11144.89000000,11110.92000000,11131.11000000,1112.51174800,1596182399999,12380888.03348763,14789,525.40888600,5847390.70204202
2020-07-31 01:00:00,11131.11000000,11188.88000000,11087.12000000,11162.35000000,2380.45934000,1596184199999,26544355.62878336,34969,1220.80204700,13614881.55686820
2020-07-31 01:30:00,11162.83000000,11168.74000000,11120.02000000,11124.97000000,1073.96941900,1596185999999,11961882.69144627,15605,420.86595800,4687713.19779956
2020-07-31 02:00:00,11124.97000000,11149.74000000,11110.10000000,11127.06000000,1179.46784700,1596187799999,13130526.07217225,16217,461.44979100,5137064.48428747
2020-07-31 02:30:00,11127.06000000,11140.90000000,11102.79000000,11115.51000000,1339.05946300,1596189599999,14884818.32517366,16967,693.22290900,7705637.07109882
2020-07-31 03:00:00,11115.51000000,11148.83000000,11105.22000000,11139.08000000,1009.37461400,1596191399999,11238462.42174819,15289,437.59055600,4871868.60237242
2020-07-31 03:30:00,11139.08000000,11190.48000000,11131.62000000,11174.33000000,1519.64199300,1596193199999,16963761.33837003,22673,775.90505500,8661691.46754865
2020-07-31 04:00:00,11174.34000000,11177.70000000,11141.01000000,11156.37000000,1031.57697300,1596194999999,11509235.65807822,16455,432.83064400,4829306.60793384
2020-07-31 04:30:00,11156.36000000,11226.00000000,11137.44000000,11218.86000000,1778.96279300,1596196799999,19892936.91000023,21885,976.97269000,10927602.09803754
2020-07-31 05:00:00,11218.86000000,11227.11000000,11171.29000000,11209.59000000,1501.90229200,1596198599999,16818382.46442845,21470,688.63591800,7712017.80100869
2020-07-31 05:30:00,11209.58000000,11238.00000000,11184.69000000,11238.00000000,1615.54844800,1596200399999,18115676.93440017,19915,766.67911500,8598479.31427179
2020-07-31 06:00:00,11238.00000000,11245.00000000,11127.13000000,11143.90000000,1805.22188600,1596202199999,20201536.61236547,27277,857.04572900,9592537.48452089
2020-07-31 06:30:00,11143.91000000,11156.05000000,11111.00000000,11151.95000000,1670.77765300,1596203999999,18609119.84378130,24453,852.34771900,9494548.96157062
2020-07-31 07:00:00,11151.95000000,11182.27000000,11136.39000000,11159.91000000,1608.88064100,1596205799999,17965701.53351764,21384,836.54111100,9342503.08939592
2020-07-31 07:30:00,11159.91000000,11245.00000000,11151.48000000,11244.83000000,1687.96728000,1596207599999,18915635.53212001,24591,1019.65796800,11429054.39100595
2020-07-31 08:00:00,11244.83000000,11290.00000000,11220.05000000,11273.30000000,3054.27810700,1596209399999,34379763.39997749,34635,1752.31419500,19728129.62709393
2020-07-31 08:30:00,11273.30000000,11370.00000000,11273.29000000,11346.90000000,4595.12584600,1596211199999,52046752.09926277,48741,2388.63125700,27052903.85740554
2020-07-31 09:00:00,11346.89000000,11444.00000000,11211.37000000,11281.50000000,7230.95604900,1596212999999,82201796.81179499,71301,3878.32741700,44105338.38088985
2020-07-31 09:30:00,11282.07000000,11362.00000000,11268.71000000,11351.90000000,2397.79820600,1596214799999,27144501.24944082,28249,1372.55009300,15539013.99660963
2020-07-31 10:00:00,11351.89000000,11357.69000000,11277.00000000,11312.72000000,1458.82878300,1596216599999,16503233.03299310,21499,732.98369500,8291447.20079793
2020-07-31 10:30:00,11312.73000000,11325.54000000,11272.54000000,11279.98000000,1080.51746600,1596218399999,12205097.90816597,16462,529.45514700,5980974.01734691
2020-07-31 11:00:00,11279.98000000,11299.93000000,11250.00000000,11294.93000000,1128.58246500,1596220199999,12722379.59789275,14232,453.85114300,5116668.19195532
2020-07-31 11:30:00,11294.92000000,11301.78000000,11223.00000000,11239.78000000,1075.80831800,1596221999999,12114326.01992053,15959,403.76010500,4546945.21821612
2020-07-31 12:00:00,11239.79000000,11279.67000000,11232.00000000,11271.69000000,1025.59573100,1596223799999,11550231.07218077,13454,479.11429600,5395109.57117307
2020-07-31 12:30:00,11271.69000000,11318.98000000,11270.00000000,11317.26000000,1055.65325900,1596225599999,11928501.00051445,13746,499.55432300,5644419.26567420
2020-07-31 13:00:00,11316.77000000,11400.00000000,11311.51000000,11397.28000000,1861.87529400,1596227399999,21139395.22317372,21325,1021.21651700,11595360.52634979
2020-07-31 13:30:00,11397.47000000,11413.61000000,11302.06000000,11325.35000000,1461.48238700,1596229199999,16602954.00863297,20016,660.54483900,7506494.82317960
2020-07-31 14:00:00,11326.62000000,11404.00000000,11294.00000000,11378.57000000,1220.03294100,1596230999999,13868591.55555882,22681,573.14066000,6514936.75823540
2020-07-31 14:30:00,11378.57000000,11425.00000000,11330.29000000,11377.75000000,1394.18508700,1596232799999,15879852.62588074,26101,815.77764700,9294073.46833478
2020-07-31 15:00:00,11377.74000000,11406.83000000,11340.00000000,11348.68000000,1407.76910600,1596234599999,16004894.36220189,19408,682.00866600,7754853.77993181
2020-07-31 15:30:00,11348.93000000,11363.89000000,11295.00000000,11302.56000000,1197.88702500,1596236399999,13568958.17032658,16762,405.84049200,4596907.55657742
2020-07-31 16:00:00,11302.56000000,11319.27000000,11279.44000000,11308.68000000,904.10688100,1596238199999,10217567.28064611,14558,399.31877700,4513504.13366233
2020-07-31 16:30:00,11308.68000000,11340.00000000,11307.08000000,11335.46000000,946.25124200,1596239999999,10720096.55085389,13796,326.98411600,3704611.20888868
2020-07-31 17:00:00,11335.46000000,11389.00000000,11220.00000000,11268.00000000,2104.15122900,1596241799999,23805407.88932201,28097,784.89992300,8879407.45981962
2020-07-31 17:30:00,11268.00000000,11279.64000000,11220.00000000,11248.35000000,1088.02025900,1596243599999,12244396.96075838,17391,475.76968600,5353986.76454539
2020-07-31 18:00:00,11247.86000000,11294.00000000,11226.23000000,11284.84000000,847.22459600,1596245399999,9548945.74689985,13562,346.91130600,3909747.73769131
2020-07-31 18:30:00,11284.84000000,11303.03000000,11261.25000000,11266.97000000,838.51048500,1596247199999,9457939.60277752,13532,351.04273100,3959508.89739309
2020-07-31 19:00:00,11266.97000000,11320.24000000,11258.71000000,11311.69000000,985.35525300,1596248999999,11132167.49179651,15967,342.74472100,3871254.55816178
2020-07-31 19:30:00,11311.69000000,11345.32000000,11303.88000000,11334.81000000,1110.31229800,1596250799999,12576425.63608565,16574,370.54280500,4197288.16535150
2020-07-31 20:00:00,11334.91000000,11378.76000000,11318.59000000,11377.01000000,1040.38743900,1596252599999,11808083.68620533,15470,448.86539700,5095066.40495500
2020-07-31 20:30:00,11377.01000000,11405.93000000,11351.95000000,11366.16000000,1646.77327000,1596254399999,18738898.37143113,18382,723.06202100,8230264.60771171
2020-07-31 21:00:00,11366.16000000,11409.43000000,11335.00000000,11380.83000000,1500.91344200,1596256199999,17071669.04651983,19669,575.66949600,6546396.04625830
2020-07-31 21:30:00,11380.83000000,11428.05000000,11373.26000000,11388.21000000,1562.03316000,1596257999999,17818067.83297534,20511,743.10166100,8477411.27644164
2020-07-31 22:00:00,11388.21000000,11495.00000000,11373.97000000,11495.00000000,2627.55234600,1596259799999,30056954.67553383,31868,1450.75292100,16598895.13699199
2020-07-31 22:30:00,11493.69000000,11647.96000000,11443.03000000,11603.21000000,5225.98947700,1596261599999,60345442.06686782,61268,3240.94124100,37416531.39137702
2020-07-31 23:00:00,11603.21000000,11745.00000000,11553.76000000,11706.99000000,4185.29920300,1596263399999,48812606.11009600,52503,2407.59701500,28085061.22930467
2020-07-31 23:30:00,11707.18000000,11708.73000000,11589.43000000,11646.07000000,2716.48746500,1596265199999,31643888.99702423,31820,1102.65538600,12842391.69656681
2020-08-01 00:00:00,11646.29000000,11674.15000000,11580.00000000,11602.00000000,2054.88827400,1596266999999,23874858.12529706,25025,816.82671700,9490255.64821060
2020-08-01 00:30:00,11601.99000000,11674.56000000,11599.78000000,11657.35000000,1405.61181500,1596268799999,16355513.98822288,17909,657.33014500,7648015.29192140
2020-08-01 01:00:00,11657.34000000,11718.00000000,11628.91000000,11634.66000000,1840.75240500,1596270599999,21491803.40099785,24968,870.89106600,10169470.64817447
2020-08-01 01:30:00,11634.65000000,11691.65000000,11634.37000000,11674.47000000,1168.38537000,1596272399999,13636131.82159116,17757,594.96100200,6943157.05006340
2020-08-01 02:00:00,11674.42000000,11714.89000000,11630.00000000,11714.00000000,1800.32868700,1596274199999,21020440.71547029,22361,953.99869600,11143451.01950937
2020-08-01 02:30:00,11713.58000000,11725.00000000,11672.75000000,11702.63000000,1477.34261200,1596275999999,17283267.84253737,21259,717.58752600,8395725.32923341
2020-08-01 03:00:00,11702.64000000,11730.92000000,11609.00000000,11633.32000000,2078.72826600,1596277799999,24283489.58147557,30099,904.20274300,10566435.34911130
2020-08-01 03:30:00,11633.09000000,11662.32000000,11591.02000000,11626.61000000,2134.43910500,1596279599999,24811860.44980978,25806,731.99118300,8509115.98603216
2020-08-01 04:00:00,11626.48000000,11642.00000000,11552.50000000,11629.42000000,1865.63726300,1596281399999,21660234.72481246,22649,650.53131900,7552032.51502939
2020-08-01 04:30:00,11629.22000000,11657.61000000,11615.71000000,11657.00000000,1081.82575400,1596283199999,12590676.27981673,17668,506.17497500,5891203.22498645
2020-08-01 05:00:00,11657.00000000,11698.88000000,11653.58000000,11664.21000000,1309.25158900,1596284999999,15286606.62315039,20130,592.78886900,6921615.46492931
2020-08-01 05:30:00,11664.21000000,11677.07000000,11628.28000000,11666.78000000,1238.73722700,1596286799999,14426342.66192016,18434,544.73186400,6344251.81731063
2020-08-01 06:00:00,11666.78000000,11666.78000000,11555.00000000,11587.25000000,1980.02411800,1596288599999,22972218.70210196,28310,769.53905700,8931262.80919074
2020-08-01 06:30:00,11587.26000000,11589.85000000,11490.00000000,11531.21000000,2814.26216000,1596290399999,32484248.12158225,33815,1302.61289900,15039341.52600950
2020-08-01 07:00:00,11531.21000000,11565.00000000,11504.85000000,11513.28000000,1353.19730700,1596292199999,15615605.14724520,21895,724.60208800,8363038.43262044
2020-08-01 07:30:00,11514.01000000,11600.00000000,11503.26000000,11599.99000000,1331.83973700,1596293999999,15407023.60516328,18404,743.73219000,8605605.03332033
2020-08-01 08:00:00,11599.99000000,11627.50000000,11580.74000000,11584.89000000,1099.82706100,1596295799999,12761343.41574363,20000,540.49029900,6271670.16242352
2020-08-01 08:30:00,11584.89000000,11634.19000000,11575.71000000,11632.89000000,1057.23213000,1596297599999,12277228.39591386,15704,540.66753700,6278361.89065300
2020-08-01 09:00:00,11632.89000000,11666.00000000,11604.60000000,11658.49000000,1734.55795500,1596299399999,20184700.03694632,27657,879.22457400,10232376.02766991
2020-08-01 09:30:00,11658.47000000,11690.00000000,11624.01000000,11632.91000000,1589.78028400,1596301199999,18539003.14954126,24354,812.89145500,9480502.90100821
2020-08-01 10:00:00,11632.91000000,11717.00000000,11632.41000000,11703.15000000,1746.27882900,1596302999999,20398685.42429095,26211,922.98855100,10784032.99587414
2020-08-01 10:30:00,11703.15000000,11736.00000000,11682.63000000,11732.02000000,1816.69204300,1596304799999,21276044.91855537,25173,974.04175800,11409020.07791557
2020-08-01 11:00:00,11732.62000000,11734.21000000,11615.63000000,11632.49000000,2368.95967500,1596306599999,27619406.50958106,31255,1164.52232600,13576041.63395673
2020-08-01 11:30:00,11632.56000000,11670.01000000,11561.00000000,11665.22000000,1858.36318200,1596308399999,21587105.15177763,22705,824.30424800,9574968.78193556
2020-08-01 12:00:00,11665.22000000,11780.00000000,11658.22000000,11775.00000000,2545.83809900,1596310199999,29845433.38147248,28721,1479.43766400,17350532.08272595
2020-08-01 12:30:00,11774.99000000,11850.00000000,11727.67000000,11769.59000000,3817.47828400,1596311999999,45028300.90984026,40175,2106.61672400,24851769.74631304
2020-08-01 13:00:00,11769.09000000,11828.92000000,11653.06000000,11819.49000000,2319.87714200,1596313799999,27306424.97047622,32830,1055.16726400,12424193.06973413
2020-08-01 13:30:00,11819.50000000,11861.00000000,11776.18000000,11829.99000000,1605.79467000,1596315599999,18985370.72148754,22338,727.85265400,8607018.52525786
2020-08-01 14:00:00,11829.67000000,11860.00000000,11767.93000000,11783.00000000,1237.92039100,1596317399999,14636870.38544736,28373,582.81375900,6891634.67927412
2020-08-01 14:30:00,11783.35000000,11820.05000000,11732.20000000,11755.00000000,1128.53258400,1596319199999,13284417.65451060,22382,520.06050500,6121577.39216437
2020-08-01 15:00:00,11755.00000000,11779.60000000,11696.16000000,11732.09000000,1493.24421000,1596320999999,17530309.40269647,27885,627.75022800,7370615.75311834
2020-08-01 15:30:00,11731.57000000,11790.00000000,11727.34000000,11783.30000000,1058.24838700,1596322799999,12445414.85904988,18114,407.38546500,4791669.37202915
2020-08-01 16:00:00,11783.31000000,11783.44000000,11731.71000000,11757.13000000,936.32447400,1596324599999,11009371.38797136,15466,450.18904400,5292674.68905735
2020-08-01 16:30:00,11757.13000000,11820.61000000,11757.09000000,11801.17000000,1258.27411500,1596326399999,14840370.73784251,21806,460.27082000,5428631.71180102
2020-08-01 17:00:00,11801.17000000,11857.00000000,11756.40000000,11801.90000000,1723.62885800,1596328199999,20371710.53364743,27989,794.88727500,9396182.59256086
2020-08-01 17:30:00,11801.91000000,11811.21000000,11740.00000000,11782.63000000,1149.00932600,1596329999999,13534906.87857671,19220,458.31060500,5398331.85216338
2020-08-01 18:00:00,11782.63000000,11856.71000000,11772.13000000,11828.77000000,1282.45724100,1596331799999,15164040.25461645,21662,578.36588000,6837435.63096196
2020-08-01 18:30:00,11828.37000000,11942.55000000,11811.24000000,11942.55000000,2424.67956000,1596333599999,28840665.68701726,33642,1258.69625400,14972313.18075596
2020-08-01 19:00:00,11942.54000000,11965.01000000,11894.31000000,11921.00000000,2369.09362900,1596335399999,28265390.68630836,29175,1298.54631600,15496602.81243338
2020-08-01 19:30:00,11921.00000000,11949.99000000,11892.88000000,11928.58000000,1416.32193000,1596337199999,16892559.76696688,21917,686.50267200,8188085.71284306
2020-08-01 20:00:00,11928.40000000,11947.10000000,11870.00000000,11930.82000000,1542.90308200,1596338999999,18376217.33438067,24563,693.09149500,8253615.19038677
2020-08-01 20:30:00,11930.82000000,12000.00000000,11915.03000000,12000.00000000,2203.51966100,1596340799999,26355497.25315364,34695,1236.26609100,14790473.68543416
2020-08-01 21:00:00,11999.96000000,12123.46000000,11880.03000000,11912.31000000,5475.02147200,1596342599999,65763654.77503132,59328,3063.44300700,36816648.67837404
2020-08-01 21:30:00,11912.32000000,11954.55000000,10518.50000000,11169.84000000,16136.37627600,1596344399999,179978210.80477847,167479,6371.28930900,71108412.26513542
2020-08-01 22:00:00,11170.80000000,11410.40000000,11111.88000000,11245.36000000,6144.12083300,1596346199999,69308874.10378622,87503,3263.70989600,36814309.47699426
2020-08-01 22:30:00,11245.03000000,11354.75000000,11209.41000000,11252.14000000,2954.45873700,1596347999999,33363575.28710727,49763,1410.97724100,15935298.62945546
2020-08-01 23:00:00,11251.76000000,11319.37000000,11202.00000000,11305.72000000,2061.32876400,1596349799999,23254283.56644241,38110,1005.20662800,11339188.09852898
2020-08-01 23:30:00,11305.99000000,11320.00000000,11245.86000000,11293.33000000,1548.34643700,1596351599999,17477269.69015228,31090,687.75019700,7763651.13631366
2020-08-02 00:00:00,11293.33000000,11371.51000000,11254.36000000,11364.50000000,1817.49873700,1596353399999,20575085.29103430,31460,905.24184100,10251565.83363479
2020-08-02 00:30:00,11364.65000000,11369.93000000,11321.62000000,11323.78000000,1887.02683800,1596355199999,21412415.28685275,27312,677.55122800,7687950.87738468
2020-08-02 01:00:00,11325.95000000,11342.83000000,11274.36000000,11295.84000000,1971.20672800,1596356999999,22308824.81417916,31340,827.15345500,9360106.16224807
2020-08-02 01:30:00,11296.03000000,11324.99000000,11263.13000000,11281.80000000,1403.07221200,1596358799999,15850661.00937532,23876,574.30064700,6488705.87785702
2020-08-02 02:00:00,11281.64000000,11305.52000000,11227.24000000,11299.41000000,1555.57438400,1596360599999,17534897.54026580,23188,742.13883500,8365823.36016645
2020-08-02 02:30:00,11299.42000000,11315.00000000,11276.32000000,11306.81000000,959.35972800,1596362399999,10838203.51407805,16573,500.20447600,5651004.34781317
2020-08-02 03:00:00,11305.41000000,11319.95000000,11242.38000000,11245.38000000,963.89810400,1596364199999,10870238.03397018,18172,436.55125300,4923611.37995697
2020-08-02 03:30:00,11244.75000000,11280.00000000,11122.01000000,11251.30000000,2402.27556100,1596365999999,26949101.42576419,34820,1228.18416400,13778505.37110463
2020-08-02 04:00:00,11251.31000000,11271.79000000,11021.49000000,11137.63000000,2948.52197900,1596367799999,32899920.49862342,37683,1247.87684800,13932010.60423370
2020-08-02 04:30:00,11137.63000000,11171.72000000,10931.00000000,11109.86000000,4201.26549600,1596369599999,46425066.67076519,53648,1970.63562200,21785034.42753205
2020-08-02 05:00:00,11105.54000000,11173.76000000,11031.84000000,11079.48000000,2211.36432000,1596371399999,24569955.43640430,35279,1085.50060000,12061951.08429975
2020-08-02 05:30:00,11079.48000000,11115.05000000,10960.00000000,10996.25000000,2116.84344600,1596373199999,23379324.67232018,33475,1041.14965500,11502113.13178392
2020-08-02 06:00:00,10993.39000000,11107.97000000,10979.91000000,11083.38000000,1400.44396300,1596374999999,15492905.56045534,25499,691.67126300,7651375.24341561
2020-08-02 06:30:00,11083.37000000,11133.47000000,11065.55000000,11109.44000000,1270.17198700,1596376799999,14112464.29149255,21672,611.31578600,6792301.62116385
2020-08-02 07:00:00,11109.43000000,11138.46000000,11059.84000000,11136.53000000,1178.39796700,1596378599999,13072151.34991993,20124,636.84416500,7064917.58737523
2020-08-02 07:30:00,11136.54000000,11179.10000000,11105.16000000,11137.37000000,1392.00530000,1596380399999,15523819.66429078,23841,608.90309300,6789647.95762474
2020-08-02 08:00:00,11137.44000000,11152.46000000,11110.90000000,11145.03000000,912.58492300,1596382199999,10159558.48720697,16721,455.92249100,5075842.21847637
2020-08-02 08:30:00,11145.06000000,11152.41000000,11072.89000000,11083.63000000,1195.52938600,1596383999999,13278361.00154871,20314,496.83912200,5518039.98319395
2020-08-02 09:00:00,11083.62000000,11166.81000000,11064.01000000,11149.82000000,1352.48800300,1596385799999,15042841.94286956,21474,662.78110100,7372327.21138350
2020-08-02 09:30:00,11149.82000000,11212.89000000,11136.94000000,11201.24000000,1715.15517200,1596387599999,19175337.91189506,26214,832.64494100,9309578.93609666
2020-08-02 10:00:00,11201.86000000,11250.00000000,11170.00000000,11232.16000000,1693.59177900,1596389399999,18991153.91211055,27887,825.00089300,9251387.10757638
2020-08-02 10:30:00,11232.29000000,11283.41000000,11206.16000000,11263.07000000,1054.86899200,1596391199999,11864928.23363919,20831,533.73641800,6003879.14575382
2020-08-02 11:00:00,11263.07000000,11267.88000000,11226.03000000,11247.02000000,903.87563700,1596392999999,10165569.86009115,17501,494.79158800,5565017.20037243
2020-08-02 11:30:00,11247.01000000,11268.92000000,11198.48000000,11229.05000000,968.08990200,1596394799999,10870614.83196683,16709,455.43279900,5113362.28823347
2020-08-02 12:00:00,11228.95000000,11266.12000000,11202.00000000,11228.03000000,737.17770200,1596396599999,8279211.42635508,13688,381.56414400,4285798.16795833
2020-08-02 12:30:00,11227.74000000,11233.55000000,11117.65000000,11202.80000000,1596.11681600,1596398399999,17835226.70866663,24418,743.33166200,8306139.18304710
2020-08-02 13:00:00,11202.80000000,11219.48000000,11118.52000000,11133.91000000,1005.91791100,1596400199999,11241513.61145209,18658,511.30139300,5714182.25310409
2020-08-02 13:30:00,11133.91000000,11159.84000000,11080.60000000,11087.98000000,1102.41393900,1596401999999,12259271.53695399,18813,521.01211100,5795076.66642800
2020-08-02 14:00:00,11087.98000000,11155.25000000,11087.78000000,11123.83000000,613.89807800,1596403799999,6833747.95820227,17848,338.70327100,3770420.99257032
2020-08-02 14:30:00,11123.73000000,11150.00000000,11000.00000000,11132.76000000,1470.46071100,1596405599999,16284719.54304769,32550,678.87802000,7523344.60323857
2020-08-02 15:00:00,11132.76000000,11187.01000000,11132.76000000,11175.06000000,846.49529200,1596407399999,9449441.03679016,15387,340.35414000,3799144.25199688
2020-08-02 15:30:00,11175.07000000,11175.22000000,11104.00000000,11118.32000000,736.74618500,1596409199999,8201359.61873097,15066,352.16463500,3920031.40922162
2020-08-02 16:00:00,11118.32000000,11139.24000000,11082.27000000,11122.31000000,614.81953100,1596410999999,6835437.57772251,13644,309.58155100,3441997.97448879
2020-08-02 16:30:00,11122.85000000,11133.82000000,11032.25000000,11071.35000000,922.65508900,1596412799999,10227148.64715558,18079,448.48033800,4971597.42868989
2020-08-02 17:00:00,11071.36000000,11099.00000000,10936.00000000,11074.13000000,1778.44293900,1596414599999,19612922.23931861,29753,760.34780600,8389129.19803063
2020-08-02 17:30:00,11074.13000000,11144.77000000,11074.13000000,11135.30000000,994.84525600,1596416399999,11058245.14303047,18565,548.77280800,6099885.68671560
2020-08-02 18:00:00,11135.30000000,11179.10000000,11128.98000000,11149.29000000,1069.11658500,1596418199999,11924070.46551944,19265,549.01260500,6122393.91797702
2020-08-02 18:30:00,11149.29000000,11162.40000000,11108.11000000,11117.97000000,698.91960600,1596419999999,7780146.42504513,14583,340.45468000,3790307.36445326
2020-08-02 19:00:00,11117.97000000,11193.85000000,11117.97000000,11174.34000000,808.18163700,1596421799999,9015201.24387027,16780,442.34953700,4933503.12738987
2020-08-02 19:30:00,11174.33000000,11207.88000000,11161.46000000,11178.65000000,971.45057900,1596423599999,10864425.35199295,17493,526.76709500,5891134.63198974
2020-08-02 20:00:00,11178.55000000,11194.64000000,11162.57000000,11171.39000000,694.03778400,1596425399999,7756430.72833113,11944,373.64937700,4175857.85147821
2020-08-02 20:30:00,11171.40000000,11185.00000000,11115.07000000,11136.47000000,972.89126500,1596427199999,10848151.78281091,13514,499.00983800,5564594.28712992
2020-08-02 21:00:00,11136.27000000,11170.00000000,11132.43000000,11159.43000000,505.80800200,1596428999999,5641069.85217051,10243,248.61520100,2772678.51974268
2020-08-02 21:30:00,11159.43000000,11187.23000000,11158.70000000,11171.32000000,577.44938600,1596430799999,6452890.12955778,11465,324.16951300,3622499.50138332
2020-08-02 22:00:00,11171.32000000,11187.66000000,11126.44000000,11159.26000000,747.49262400,1596432599999,8338803.12341705,12203,331.84177500,3702083.68757117
2020-08-02 22:30:00,11159.31000000,11200.00000000,11159.31000000,11200.00000000,845.67726400,1596434399999,9455638.35667914,14100,411.08940200,4596436.07723526
2020-08-02 23:00:00,11200.00000000,11208.15000000,11181.85000000,11204.18000000,737.89428100,1596436199999,8261385.60805377,14041,358.12561200,4009878.43500293
2020-08-02 23:30:00,11204.18000000,11244.99000000,11165.00000000,11190.50000000,1244.49443500,1596437999999,13954522.77840476,22652,637.29870800,7147446.89460994
2020-08-03 00:00:00,11190.50000000,11233.50000000,11183.85000000,11229.94000000,749.92777000,1596439799999,8407954.57724167,15041,390.89593500,4383022.89701068
2020-08-03 00:30:00,11229.93000000,11230.92000000,11190.81000000,11197.11000000,743.25346600,1596441599999,8333430.43033328,16941,307.06724200,3442781.41370287
2020-08-03 01:00:00,11196.93000000,11240.00000000,11172.28000000,11217.88000000,1125.97461400,1596443399999,12627867.36849818,17447,559.68857500,6277090.03469210
2020-08-03 01:30:00,11217.87000000,11235.29000000,11189.87000000,11189.87000000,816.79093200,1596445199999,9153427.81890404,15198,367.01164800,4113110.15291096
2020-08-03 02:00:00,11189.87000000,11215.40000000,11151.00000000,11160.92000000,1167.36707300,1596446999999,13056221.34912006,17670,560.90847800,6275971.95584953
2020-08-03 02:30:00,11160.93000000,11184.27000000,11122.82000000,11127.98000000,1014.12057800,1596448799999,11317291.16329140,15857,402.29256300,4490217.42128186
2020-08-03 03:00:00,11128.07000000,11176.00000000,11120.69000000,11173.37000000,919.67048700,1596450599999,10258245.90866671,16796,486.68618600,5428418.11239394
2020-08-03 03:30:00,11173.37000000,11202.28000000,11165.43000000,11201.75000000,846.36138100,1596452399999,9462739.55747043,13449,409.22162700,4575544.42242187
2020-08-03 04:00:00,11201.75000000,11224.90000000,11174.61000000,11218.29000000,1599.08219100,1596454199999,17909558.81928550,21173,775.38434400,8685379.81318742
2020-08-03 04:30:00,11218.28000000,11243.00000000,11200.01000000,11231.14000000,1333.54784500,1596455999999,14968243.51482510,18722,624.65303300,7010933.30645898
2020-08-03 05:00:00,11231.15000000,11231.90000000,11191.31000000,11204.96000000,1114.22062400,1596457799999,12491017.81946233,18943,561.26238700,6292609.19508912
2020-08-03 05:30:00,11204.99000000,11246.33000000,11203.69000000,11218.01000000,1313.87951500,1596459599999,14751170.46781000,19136,667.60514100,7495020.99972350
2020-08-03 06:00:00,11218.00000000,11263.00000000,11216.10000000,11261.37000000,1328.72458100,1596461399999,14941300.58398996,21633,702.61975600,7901301.21171345
2020-08-03 06:30:00,11261.60000000,11300.00000000,11247.54000000,11273.05000000,1683.76626300,1596463199999,18979255.31933920,27278,775.18012200,8738545.71730583
2020-08-03 07:00:00,11272.98000000,11327.83000000,11260.00000000,11315.26000000,1876.63677700,1596464999999,21209580.35205220,27300,818.95964600,9255277.65931281
2020-08-03 07:30:00,11315.27000000,11342.42000000,11271.95000000,11300.00000000,1845.62390300,1596466799999,20861556.34902000,26671,856.11824600,9675347.99456325
2020-08-03 08:00:00,11300.00000000,11380.88000000,11295.16000000,11359.59000000,1898.26793300,1596468599999,21538157.20156627,27220,962.48869700,10921125.27167163
2020-08-03 08:30:00,11359.60000000,11385.00000000,11315.14000000,11382.37000000,1555.70689700,1596470399999,17680255.31007740,23025,757.32607500,8607652.80759902
2020-08-03 09:00:00,11382.37000000,11473.00000000,11379.94000000,11430.57000000,3055.06370500,1596472199999,34924732.31574207,39617,1539.59762300,17597433.89357917
2020-08-03 09:30:00,11430.57000000,11461.20000000,11324.92000000,11352.25000000,2358.37194800,1596473999999,26874880.02939962,30749,1015.43077800,11568566.36166607
2020-08-03 10:00:00,11354.68000000,11404.14000000,11329.73000000,11391.00000000,1297.92678800,1596475799999,14767240.88212391,21402,677.71443200,7711004.80036542
2020-08-03 10:30:00,11391.00000000,11435.83000000,11381.22000000,11417.07000000,1137.74326300,1596477599999,12981277.71569181,18378,601.47472100,6862944.18765397
2020-08-03 11:00:00,11417.06000000,11430.00000000,11375.02000000,11389.41000000,964.05520600,1596479399999,10987005.97145356,13632,439.18842600,5005356.74147847
2020-08-03 11:30:00,11389.33000000,11418.92000000,11368.80000000,11416.12000000,948.57157800,1596481199999,10809105.86525921,14201,480.66345800,5477384.63129920
2020-08-03 12:00:00,11416.04000000,11416.11000000,11347.91000000,11369.91000000,977.41302600,1596482999999,11119062.13790141,14283,444.48860200,5056318.71523715
2020-08-03 12:30:00,11369.91000000,11409.00000000,11351.68000000,11399.46000000,857.99492300,1596484799999,9765628.26699535,12388,365.37373400,4157167.36404531
2020-08-03 13:00:00,11399.46000000,11416.00000000,11377.95000000,11381.12000000,825.10132300,1596486599999,9404345.12676230,12213,408.28477400,4653939.26064593
2020-08-03 13:30:00,11381.12000000,11381.13000000,11346.62000000,11373.63000000,838.24206700,1596488399999,9526647.09562484,12917,382.91725700,4351705.62182060
2020-08-03 14:00:00,11373.63000000,11409.00000000,11272.38000000,11338.91000000,1180.50177100,1596490199999,13389518.66716015,20965,518.41795400,5878275.89524160
2020-08-03 14:30:00,11338.91000000,11365.48000000,11140.52000000,11191.28000000,2362.75041600,1596491999999,26602619.90972329,36659,913.95902700,10297493.18391184
2020-08-03 15:00:00,11190.74000000,11294.95000000,11180.00000000,11285.86000000,1364.54891700,1596493799999,15352329.86630910,26663,633.45142300,7127359.49580801
2020-08-03 15:30:00,11285.64000000,11285.64000000,11174.98000000,11213.94000000,1273.91343000,1596495599999,14299288.65663373,20738,555.96339600,6238143.53666719
2020-08-03 16:00:00,11213.94000000,11237.00000000,11133.75000000,11195.18000000,806.91317500,1596497399999,9027908.46867410,16315,354.06685100,3961378.58424025
